51.50709543876015 -0.12733042489988808 113555
51.52620009758245 -0.08070728753186392 21101
51.517219518661534 -0.07696498768353732 15174
51.51559990812815 -0.1427043085380175 14925
51.51338728243682 -0.13163901803262815 13912
51.512907238858325 -0.14767188551913332 13821
51.50490521365973 -0.07690988822231978 13782
51.512396635205064 -0.13406764651750597 13252
51.51052467304664 -0.13446679113700585 13131
51.50335903436678 -0.16225298052095816 12592
51.50547809787123 -0.08944371535168974 11331
51.49350061935906 -0.1692851246122411 9568
51.53209546008582 -0.12425380508822724 9011
51.506985503205385 -0.1468298361198626 8693
51.513746934748845 -0.08924594293933497 8291
51.51443980021533 -0.2046393515559772 8175
51.49970287976709 -0.17606944430015106 7623
51.49669587986905 0.004124314353660139 7527
51.50728587381778 -0.10205655524260408 7399
51.521039300682666 -0.15612360319920102 6983
51.50124687445215 -0.19014504060736265 6767
51.50127390776093 -0.21856111060903377 6617
51.5122855522193 -0.1223418019447131 6150
51.50260583140014 -0.019425076996172828 6009
51.5399919361092 -0.14251449475729755 5789
51.51425608841699 -0.1594298358109053 5722
51.52069411856262 -0.09623780554615748 5557
51.49993133589431 -0.1154088822215842 5298
51.4975361235658 -0.1597995595437329 5282
51.53595444998867 -0.05903612745925227 5215
51.529931715417824 -0.07283018209253096 5209
51.50405506482495 -0.12014851704345696 5131
51.492397913861815 -0.004823039499005966 5030
51.5108215261467 -0.11800985536999416 4946
51.482369586472394 -0.1924627770903924 4901
51.51259983900801 -0.10112288843709982 4722
51.5164261790744 -0.175690727782093 4635
51.514869493109735 -0.18945622688204627 4612
51.50848570251068 -0.13639502675627627 4501
51.49375640210434 -0.2277976966614364 4463
51.50587514584268 0.02576635679296321 4434
51.51201087067145 -0.1190532466379496 4411
51.506257011650405 -0.11838020932848 4393
51.51896544506462 -0.13948090624308038 4336
51.50164567643429 -0.14256728170399866 4331
51.540579566221645 -0.14644958185766757 4328
51.51415246257389 -0.1301786559245199 4213
51.52013374541545 -0.06793914861520348 4210
51.55712664725594 -0.2787853842700611 3925
51.5473862470883 -0.07401062541092326 3918
51.49777736352467 -0.20367146496931085 3910
51.54256248689101 -0.04980504390281661 3869
51.51527478429053 -0.12705772967123344 3650
51.536863521468575 -0.10384308323025908 3622
51.42047640552117 -0.31475925619749545 3595
51.53098768166965 -0.1351602336082498 3492
51.49389629143333 -0.14687241036881732 3335
51.50743110829715 -0.1288518732399613 3213
51.46286487328158 -0.10849503684007668 3114
51.593222118804654 -0.1347485939735767 3103
51.54351365373272 -0.1512362002740604 3065
51.48668385450757 -0.1794011646655451 2975
51.50171201821155 -0.12314041456396344 2947
51.51473163201946 -0.12181280464445138 2911
51.520693369430674 -0.13542886942413865 2900
51.544138625084535 -0.019115302849258622 2899
51.50542378565975 -0.1292372984277166 2843
51.502784425517426 -0.11063275062566638 2813
51.47495626752986 -0.03145251963989912 2777
51.55540165535785 -0.1081379669096214 2744
51.50140961221819 -0.1249191181526574 2712
51.51742162975973 -0.10745926712333824 2708
51.51397958869283 -0.12832410868548147 2693
51.49715150032062 -0.14222827810589003 2682
51.54744808752938 -0.007642795696394746 2635
51.54530972510222 -0.03473094826996212 2630
51.52078046110965 -0.1273672643408126 2541
51.4712007349678 -0.2153867896572559 2480
51.51984987731877 -0.04965832344417044 2436
51.525644449319586 -0.105545508083264 2426
51.55946373008066 -0.2818698750376604 2390
51.50403561015101 -0.061464964843031045 2389
51.50758278554719 -0.1309290454042733 2387
51.52595323524096 -0.14837150466346258 2080
51.46523673203973 -0.0662920636988942 2079
51.50743472822265 -0.11566874194188828 2065
51.51976862425518 -0.11236355491023764 2061
51.46164890519059 -0.11628263252104902 2019
51.54876814902862 -0.1436072199599814 1999
51.463687337931894 -0.16665573777108736 1992
51.52036410912504 -0.2184023380829521 1977
51.373102232291615 -0.10114755730728683 1894
51.53461197662613 0.00200000681697616 1885
51.555214391386805 -0.06905703558399955 1875
51.531341676322306 -0.10840848721627344 1868
51.49368816912614 0.06723065699356952 1866
51.465738898647054 -0.11606395728302156 1855
51.4967861394738 -0.09899149153470696 1844
51.53363436221942 -0.15621307805751447 1843
51.52579977049703 -0.3010751858971494 1789
51.530395308928306 -0.12782684548513712 1783
51.52366079568566 -0.13259094116780062 1764
51.49556910982355 -0.2450848544211109 1762
51.49164698233365 -0.2595565219193658 1761
51.48780174715346 -0.30144409469644856 1746
51.52193584219974 -0.03557903788052827 1741
51.53176208931886 -0.17893314731102233 1733
51.58809049112407 -0.01968431392627276 1709
51.52691618563584 -0.16958432381294988 1668
51.52025315486177 -0.11746091971754766 1664
51.51470799202905 -0.12408707589914934 1646
51.459735129802795 -0.14637260133785762 1622
51.47642477178532 -0.20361361799258623 1619
51.49913373038007 -0.04950860364881659 1606
51.51487463687417 -0.12564546929396717 1558
51.56151454075828 -0.08354029604018229 1543
51.463369437186586 -0.1869546933570954 1543
51.54005227300394 -0.081038973816645 1538
51.49878081786637 -0.12794257994075095 1519
51.4603712528917 0.0006418315716180377 1508
51.46095964286075 -0.34636620500668347 1496
51.48058105622505 -0.31278088937081483 1494
51.54062160453121 -0.16303544139581708 1483
51.53964433416171 -0.2038625744189173 1480
51.5529787118625 -0.1861013176032483 1477
51.5040521782371 -0.12164918729491588 1475
51.48243811881455 -0.28989703771761427 1459
51.48886454276432 -0.27223213354093956 1429
51.5455711445562 -0.10212048621830933 1420
51.42756332748562 -0.16542168754237188 1416
51.49813504603629 -0.12469333432490896 1385
51.48645943891476 -0.12330310059334368 1382
51.504537593318666 -0.1267370554420284 1380
51.45552653757253 -0.3023955349055239 1376
51.53393883135911 0.033958054709302236 1376
51.56549921321531 -0.10463982978566096 1353
51.40987505840155 -0.3421501400825199 1333
51.48130973208398 -0.15745257111361707 1329
51.471080525578344 -0.021670913455938676 1305
51.45223335342499 -0.2827993807049868 1305
51.46049252683142 -0.01302861357862127 1291
51.52153994769533 -0.12083915600000014 1280
51.480619208850605 -0.16785870157935864 1279
51.41862875164304 -0.20010425594679257 1278
51.48880718944171 -0.3298950789229578 1272
51.52574127491931 -0.021698610144927424 1242
51.470833787459576 -0.07186187804207116 1236
51.57287286874424 0.18434028386699364 1218
51.52279404112563 -0.12466318531635162 1217
51.481801738237216 0.07870043622516526 1208
51.560425353184264 -0.162517116824441 1162
51.45802204212213 -0.2549774404314087 1159
51.48929432366029 -0.1275117893755421 1153
51.499054319816146 0.049116336739702365 1141
51.49195099457504 0.037701496783523296 1141
51.48793854623671 -0.11786956604240252 1132
51.4726394498761 -0.1795898547298504 1129
51.42235313834209 -0.06405236067736184 1122
51.45838740491093 -0.08294241921568635 1122
51.404968257927656 0.015813369094170773 1115
51.46204127634736 -0.13433754754972954 1106
51.45297195060662 0.15453576184043677 1103
51.565664010183255 0.012789113483043051 1091
51.48168204306964 -0.14792476200930274 1075
51.44100918603357 -0.04416357667913945 1069
51.49783141845573 -0.13533899814500955 1062
51.50081683353228 -0.03231598676136375 1056
51.533053057090235 -0.09412766433175336 1055
51.44397575974345 -0.15141069757115733 1054
51.53007564946508 -0.009956847765042968 1047
51.48585012132835 -0.4166464743652356 1024
51.53539895894961 -0.19378141185331949 1009
51.594785733542814 -0.06545493103448222 957
51.53072383879459 -0.1179672323794544 954
51.55740164487727 -0.11776588385272144 937
51.56191903830712 0.0011010940836012851 933
51.57864238074321 -0.12311018477247432 901
51.54735616670784 -0.1761106817018901 899
51.45756035339298 -0.19668467904017836 896
51.52755076544353 -0.2465551126765373 878
51.58651928500001 -0.06679647092465797 876
51.540645516743346 -0.12386738591743092 872
51.55233312572924 -0.08864955376578633 871
51.43927768115044 -0.3178016731079481 843
51.53721157561403 0.04768272825301182 830
51.360160855581135 -0.1155726189104123 826
51.5236586450064 -0.2289776142472456 817
51.46535632663785 -0.22374966003708296 809
51.45148417239333 -0.0431286541353386 798
51.49065147333767 -0.14063673400255763 782
51.37778939852385 -0.1035531127086007 779
51.394261954203074 -0.30144597367609266 778
51.57392540387796 -0.0981960247859924 771
51.520354229065845 -0.26105754131579106 760
51.452290284255454 -0.1038724864822136 759
51.44189924087517 -0.30545859096817085 754
51.527331438100894 0.0205060273572377 753
51.55860766852215 -0.055922029747004075 751
51.492274895642055 -0.1014243551336902 748
51.59570119723702 -0.11290108339622618 742
51.58067089128446 -0.33638948416666803 732
51.47329403534997 -0.09355691980795652 729
51.441572633370505 -0.026457526195804177 715
51.43467614380043 -0.2206157087517541 713
51.54165700942381 0.07632159074438173 712
51.4685432260753 -0.24880701114285672 665
51.526879398247935 -0.28803880672868193 645
51.596301129483734 -0.24031012228481935 639
51.55303371195267 -0.16330723050393753 635
51.48033625245247 -0.4067353070411403 632
51.579301455841154 0.02886568685714287 630
51.56633970719816 -0.1346394316425122 621
51.48391276493541 -0.05716262293548397 620
51.46007653285445 0.14108505750825182 606
51.47399311125425 -0.3688625037293725 606
51.6286244209574 -0.14196410245874552 606
51.49732497438784 -0.13116913352040832 588
51.525795514442514 -0.27483238397941656 583
51.58081095915641 -0.3171727462650605 581
51.55042354262146 -0.11048152347222226 576
51.405484152390926 -0.35211880614310553 573
51.45950998893376 -0.05510645356643354 572
51.44818396585673 -0.08129555851398591 572
51.358106848879224 -0.1877047324693513 571
51.47760032310525 -0.08597687743859654 570
51.54375613238927 -0.3693135969203537 565
51.56911159798227 -0.0781507458053095 565
51.365799878035816 -0.19271633812499955 560
51.526959450769205 -0.3177145597674424 559
51.37367370334543 -0.22324792667263008 559
51.58171389495455 -0.026663137315315374 555
51.550462366999994 -0.2271486149454543 550
51.54858703850816 0.09048916734806692 543
51.484884624547114 0.11948169356746798 541
51.60433195344437 0.00918804383333332 540
51.41736352192894 -0.028148279176029772 534
51.45937688620754 -0.16712267932075475 530
51.582719159981224 -0.09726347801886842 530
51.433537081287966 -0.18950941912878708 528
51.44122393679396 -0.18537533700381711 524
51.39880906238992 -0.08162777196940724 523
51.418807163534005 -0.08345275205825245 515
51.49920483269535 -0.11827048162109365 512
51.44169758880331 0.0363390309533468 493
51.49351603482687 -0.08313745107942962 491
51.45258818158873 -0.1480271798778 491
51.64099465824497 0.058552968755102054 490
51.467672453251055 -0.1391639116460903 486
51.42898774709898 -0.33970158493827174 486
51.6033164028924 -0.06458081960743785 484
51.40851045170145 -0.26417890078838147 482
51.43315595050094 -0.13476385630480148 479
51.465816336142666 -0.13127343125786198 477
51.58269757198326 0.04240502457805904 474
51.64469043886285 -0.06267740156652327 466
51.44844013564626 -0.19824628271551709 464
51.433655590173856 -0.0992985977391306 460
51.45276511918502 -0.11840630348017624 454
51.52651842443704 -0.1393101683664461 453
51.55767358013267 -0.13630527274336285 452
51.407834492914695 -0.20236545195067232 446
51.57332388820198 -0.1465573794606732 445
51.567017926763846 -0.14786564750561793 445
51.56855908623859 -0.052477703130630646 444
51.602881416013645 -0.1159595165603646 439
51.42595923586616 -0.22379553475750608 433
51.55606675777255 -0.14527585617169386 431
51.4248583448711 -0.1354808210772834 427
51.58501034629452 -0.11798311729216177 421
51.48908538937669 -0.1352998588489207 417
51.47343427079687 -0.1538530436473429 414
51.62059876739132 -0.10875350727053114 414
51.56831313324376 -0.11690882782926816 410
51.406682397009746 -0.2765030146078434 408
51.40458401090227 -0.034605266240601555 399
51.36140889431445 -0.15053758873096482 394
51.547681152703845 0.11669675285714316 392
51.57953426030685 -0.22462686759590825 391
51.42031848382074 0.08364515425641043 390
51.38866744361042 -0.3077468264935075 385
51.545754594856945 -0.41256499389610385 385
51.65085812321147 -0.06792895913838115 383
51.56999776094246 -0.2000268234816761 382
51.6298246431183 0.0367219700537633 372
51.54085065089187 -0.1140287805135136 370
51.65942390693766 -0.27007418428184315 369
51.45429445217028 0.012969432884615393 364
51.45205679285708 -0.1367770051373626 364
51.47617383055389 -0.04976612689750682 361
51.43502907662065 0.06178814515235464 361
51.56908910038903 -0.033259589249999846 360
51.47893944674095 -0.14027977292479124 359
51.5479148083844 -0.2160608555988857 359
51.43630807211715 -0.15721428816155986 359
51.5929305528771 -0.00766666997206706 358
51.589977246056435 0.07151111518309848 355
51.494365802655246 -0.11939525432203375 354
51.662639199914835 -0.07119054474431796 352
51.480356183352235 -0.11309817125000024 352
51.46698080865716 -0.09169277491428564 350
51.44076506085703 -0.06692120868571434 350
51.47981008535806 -0.12102605521490024 349
51.577813645028826 0.06719769028735621 348
51.48855320373563 -0.11139104537356304 348
51.47343375100576 -0.3419117128448269 348
51.58815069000001 -0.23090306065281935 337
51.685887982857224 0.003929820922619053 336
51.574934741220346 0.019784585327380966 336
51.54013398250772 -0.3873741220241676 331
51.54732263274909 0.1627784937764347 331
51.55631494630298 -0.23979122263636352 330
51.654334384303056 0.054777231545454504 330
51.417287291848496 -0.24824559530303028 330
51.580192545368185 -0.07543693401840493 326
51.539128406335294 -0.3287382851242243 322
51.48476933820193 -0.0950039055520507 317
51.59968607631417 -0.2521700474679489 312
51.53748961459273 0.06037157475570041 307
51.61547599062309 -0.17712015183606516 305
51.38138129753278 -0.07692994687499972 304
51.5916346428052 -0.09275028462046216 303
51.61447432033446 0.019513406387959856 299
51.6027029943538 -0.19391592622449003 294
51.47741184784981 -0.1302352704095564 293
51.403186878630265 -0.3669625674657537 292
51.580906952999975 -0.2832385386206887 290
51.42334517767355 -0.1217066285763892 288
51.42253095235098 -0.19128672171929872 285
51.595828557543825 -0.35201906789473686 285
51.65360706278171 -0.2830140398943661 284
51.41885644890469 -0.16555696473498197 283
51.487340319321426 -0.06940702564285692 280
51.44366455236354 0.05060553858181828 275
51.58564455981754 -0.29895548952554785 274
51.422707695802785 0.07069830945255483 274
51.4550060632592 0.1691681797407406 270
51.64323733823334 -0.014430054210526368 266
51.4325983315092 -0.06192847747169794 265
51.4269876103789 -0.0932830356818182 264
51.39050412201509 -0.2128481899239545 263
51.62703056838471 0.015954209923076904 260
51.56165068762649 -0.19184832599221763 257
51.44095688898843 -0.21012861120622567 257
51.549576099484135 -0.12081082841269852 252
51.58615510804 -0.18241102103999993 250
51.61726281578317 -0.07697588349397574 249
51.470040349068846 -0.1115981070445344 247
51.54456982443077 -0.3440641740243904 246
51.354108894878 -0.10258591483739822 246
51.55589953110205 -0.25561667355102047 245
51.59701264584369 -0.18749802753086403 243
51.39390352623962 -0.03486906115702468 242
51.46487634724989 0.1307268003333336 240
51.44785601831933 -0.16916991420168065 238
51.41573260207631 -0.005942492542372891 236
51.33396217350422 -0.16625121811965812 234
51.645801387606966 0.08926244183760675 234
51.458530116796624 0.18736774545454568 231
51.59781849417385 -0.38352308352173864 230
51.40171138956329 -0.2905732826637559 229
51.39085288207044 0.03752494493392066 227
51.38334791924789 -0.2126012701327426 226
51.646970233755674 -0.17400849357466072 221
51.48081089309083 0.09119337827272718 220
51.60494743684932 -0.005816545570776257 219
51.5871052589909 -0.13641596220183524 218
51.61086989591733 -0.047319676284403575 218
51.408042998617425 0.00875407788018433 217
51.416087117407386 -0.0593597519907408 216
51.70215860648153 -0.03389931458333335 216
51.627283116232526 -0.1745702660000001 215
51.57066193093016 -0.16937156479069784 215
51.39858378163559 -0.10741824317756984 214
51.63115784483558 -0.10814245211267604 213
51.590732700985896 -0.16108935253521128 213
51.61870042301886 0.08934424830188663 212
51.60550615009476 0.09152877383886247 211
51.64884506552378 -0.1426996169523806 210
51.549141534855785 -0.13075983120192297 208
51.59057893937502 -0.3401351319711536 208
51.55262109971022 0.13081257376811595 207
51.609442873381646 -0.257466973043478 207
51.57673931388354 -0.21149890762135945 206
51.38364520733991 -0.031305518325123106 203
51.47725266921189 -0.3866775493103451 203
51.54602433497516 -0.3574209536815922 201
51.60857082766181 -0.16904557995024874 201
51.53872960562192 -0.3999075566169152 201
51.401430180404 -0.22026299681818207 198
51.481803115 -0.10661270604166664 192
51.37057520863153 0.08768270505263144 190
51.41659176257896 -0.13459302957894737 190
51.61427869795696 -0.1394111509677418 186
51.53806176005433 0.10726786108695648 184
51.476146562349776 0.10516350202185784 183
51.59986928533331 -0.3693175667777778 180
51.37152814805545 -0.1760200731111112 180
51.36080701541897 -0.23990057798882655 179
51.46268128887635 -0.2720891014606742 178
51.38527891837065 0.07073083061797765 178
51.65223600373564 -0.19655773166666665 174
51.40070411292399 -0.1794605780701754 171
51.42814548479288 -0.02513928343195264 169
51.443503528143744 -0.10191039317365268 167
51.40824412359286 -0.0440638982035929 167
51.65609518621951 -0.14717597506097563 164
51.393802727546 0.02385461987730063 163
51.552811131562486 0.14502115031250015 160
51.66952950256257 -0.05511531074999996 160
51.37731940588608 -0.30826311493670894 158
51.65128860626571 -0.2630756670253157 158
51.63571224660264 -0.08320043628205144 156
51.55092895435901 0.17521787692307678 156
51.627818580709615 -0.03735822806451616 155
51.31866826149359 -0.14551631155844175 154
51.58361305816984 -0.15263129241830056 153
51.43433903375003 -0.11997172355263178 152
51.60155087953939 -0.14384285453947335 152
51.440320272847586 -0.12369571562913888 151
51.640351693533226 -0.14083971306666665 150
51.613710372499995 -0.2748592638513513 148
51.3826077093877 -0.17113168476190507 147
51.42575968408159 0.10198793537414974 147
51.69272932821915 -0.0006291832876712483 146
51.3907575942466 -0.14550941678082208 146
51.69762827358633 -0.19534497296551703 145
51.658516942101485 -0.19615441797101457 138
51.451171352101454 0.026650374420289825 138
51.39226693321168 -0.07895843445255485 137
51.34711713845598 -0.06019642977941175 136
51.335127828888915 -0.1066918362962964 135
51.625230800895565 -0.27574445910447765 134
51.60077523233079 -0.08929841939849621 133
51.36356645196965 -0.023866074015151548 132
51.540905691374014 -0.13115637763358784 131
51.6697322362016 -0.01693157612403103 129
51.597246466046506 0.08170026790697671 129
51.57282119695991 -0.41383186639999986 125
51.43989107669345 -0.13089264782258042 124
51.36503471500003 -0.22808960680327883 122
51.375358548770606 -0.0720679353278688 122
51.61256443641667 -0.11145457766666655 120
51.33675471378156 -0.26046376537815125 119
51.39946751838978 -0.14952717415254246 118
51.41758749333329 0.11394847854700836 117
51.37068195362836 -0.3203332093805307 113
51.42093440062498 -0.2368720376785714 112
51.65670523774765 -0.09364458090090091 111
51.40852184927931 0.12169929828828836 111
51.41035299302754 -0.1720124968807339 109
51.62562520018352 -0.07125314155963303 109
51.6192918732408 -0.044852979722222165 108
51.367584850093486 0.05875203644859811 107
51.647735008037465 -0.21679665102803697 107
51.60063494096154 0.16679467961538472 104
51.325863595192295 -0.1007825240384616 104
51.6894789870297 -0.20397718792079203 101
51.3771014054639 -0.019176784742268044 97
51.575735024999986 -0.1399134863829787 94
51.388764910430105 -0.11165036225806456 93
51.60950420369567 -0.08168285423913046 92
51.39199064358698 0.1157610443478261 92
51.34941938425289 -0.199761982873563 87
51.62278121674419 -0.3007030629069768 86
51.60170303941178 -0.16736260670588252 85
51.65100565277106 0.1178579669879518 83
51.678555373975904 -0.05579737325301201 83
51.621389146951145 -0.22671563780487833 82
51.632251544268264 0.05588665243902444 82
51.63689170864196 -0.10060771753086416 81
51.38808442875006 0.0509805655 80
51.3571102432911 -0.018783165696202527 79
51.37051520139241 -0.14699117645569615 79
51.40803226696203 -0.11333693696202524 79
51.619797058076934 -0.14155812346153843 78
51.60550874389613 0.14231931909090895 77
51.340364822077895 -0.0568737048051948 77
51.34371549855262 -0.10456031776315784 76
51.46272796249997 0.19817924039473656 76
51.392990046575335 -0.17216486246575338 73
51.608662214383585 -0.2067346595890411 73
51.35233453083334 -0.25671400986111104 72
51.60104074056338 0.13123279943661975 71
51.63634147185713 -0.03299566599999998 70
51.665453100294116 -0.09986140397058828 68
51.68670705477609 -0.042824720149253766 67
51.3242207771642 -0.1438942446268657 67
51.45734692257572 -0.4165815886363632 66
51.35194547799999 -0.14859285446153858 65
51.654808621846165 -0.021444686923076935 65
51.32280186624999 -0.20343745468750005 64
51.68329558620693 -0.16617227586206912 58
51.414644754386 -0.11904209859649116 57
51.36493370946429 -0.07235049982142859 56
51.40881181892856 -0.0823241703571428 56
51.63687802054545 -0.29626647090909075 55
51.69412730581816 -0.0401399338181818 55
51.63392158727271 -0.17733769163636362 55
51.56393287773587 0.1968599662264151 53
51.665323985882345 -0.14781302764705898 51
51.3452098066 -0.2619326098000001 50
51.6446008908163 -0.3239300322448978 49
51.671870932291654 0.06672621666666666 48
51.40793534755554 -0.13943089711111112 45
51.341993530227256 -0.015896847045454552 44
51.35611139512193 -0.3086500673170731 41
51.57646664585368 -0.178757755609756 41
51.67871121692308 -0.005109875897435898 39
51.35723936743591 -0.04978516205128205 39
51.648250463157886 -0.106534727631579 38
51.67651802162162 -0.2553927283783784 37
51.65317847942854 -0.0035075800000000015 35
51.35569743176471 0.08493299823529413 34
51.68201157529411 -0.09944769176470586 34
51.40106267029411 0.1458901814705882 34
51.31744315562503 -0.10407781343750004 32
51.71009178206898 -0.10496884379310344 29
51.66663238964286 -0.20066514821428577 28
51.67528758444446 -0.10096703185185182 27
51.67637965384615 -0.1305538846153846 26
51.64785084680001 -0.24208015999999996 25
51.37871177375002 -0.1434777079166667 24
51.650350805909085 -0.3327448954545455 22
51.61618900380951 -0.3776399328571428 21
51.68313839899999 -0.1811907879999999 20
51.34143673650001 -0.19738120700000003 20
51.33187171473684 0.02170946421052632 19
51.384716123333334 -0.3575518605555555 18
51.69489441176471 -0.15943383 17
51.32059386588235 -0.05985549352941176 17
51.61758299941177 -0.21286134999999995 17
51.348157115294114 -0.014330943529411763 17
51.32971071374998 -0.060279943749999995 16
51.60578054500001 0.16851450437500004 16
51.34354522466666 -0.160511314 15
51.32998098800001 -0.20149431933333337 15
51.70062065333334 -0.09428964666666668 12
51.699739165 -0.15667291799999997 10
51.632625788888895 -0.23156245666666667 9
51.3162342075 -0.05441236125 8
51.70117020571429 -0.20595406 7
51.335876603333325 0.008874194999999998 6
51.686181748 -0.248830742 5
51.7057569 -0.17591798 1
51.404059 0.162149 1
